sample_id,image_path,label,label_id,prediction,prediction_id,seed,model_id,variant,split,prob_cardboard,prob_glass,prob_metal,prob_paper,prob_plastic,prob_trash
trashnet_00008,cardboard/cardboard106.jpg,cardboard,0,cardboard,0,123,R4,direct_kd,test,0.8588712811470032,0.113321453332901,0.0026007879059761763,0.02254430204629898,0.00261096702888608,5.1254930440336466e-05
trashnet_00032,cardboard/cardboard128.jpg,cardboard,0,metal,2,123,R4,direct_kd,test,0.015891313552856445,0.20130781829357147,0.6523729562759399,0.004971209913492203,0.06934966892004013,0.05610710754990578
trashnet_00046,cardboard/cardboard140.jpg,cardboard,0,plastic,4,123,R4,direct_kd,test,0.004407837521284819,0.10442020744085312,0.015317404642701149,0.024426398798823357,0.8440966606140137,0.007331449538469315
trashnet_00047,cardboard/cardboard141.jpg,cardboard,0,cardboard,0,123,R4,direct_kd,test,0.9996358156204224,3.6747107969858916e-06,1.559012389407144e-06,0.00035696805571205914,1.8805279751177295e-06,1.3049555036559468e-07
trashnet_00057,cardboard/cardboard150.jpg,cardboard,0,glass,1,123,R4,direct_kd,test,0.05532462149858475,0.36841651797294617,0.2966097295284271,0.09508030861616135,0.16691188514232635,0.017656927928328514
trashnet_00060,cardboard/cardboard153.jpg,cardboard,0,metal,2,123,R4,direct_kd,test,0.006241319701075554,0.041359614580869675,0.8942947387695312,0.030905159190297127,0.025593142956495285,0.001606037258170545
trashnet_00064,cardboard/cardboard157.jpg,cardboard,0,cardboard,0,123,R4,direct_kd,test,0.9980868101119995,7.156647188821808e-05,1.2957079889019951e-05,0.0017854463076218963,4.1258019336964935e-05,1.9071818542215624e-06
trashnet_00068,cardboard/cardboard160.jpg,cardboard,0,cardboard,0,123,R4,direct_kd,test,0.9984702467918396,0.00043942368938587606,2.518098335713148e-05,0.0004134054761379957,0.00038383397622965276,0.00026782849454320967
trashnet_00073,cardboard/cardboard165.jpg,cardboard,0,cardboard,0,123,R4,direct_kd,test,0.9999991655349731,4.3470961941238784e-08,5.768502897574024e-10,7.981123530953482e-07,2.7412700998041828e-09,1.34666739981526e-08
trashnet_00076,cardboard/cardboard168.jpg,cardboard,0,glass,1,123,R4,direct_kd,test,0.017176784574985504,0.9789959192276001,0.0003896236012224108,0.0019704767037183046,0.00145542377140373,1.177710964839207e-05
trashnet_00084,cardboard/cardboard175.jpg,cardboard,0,cardboard,0,123,R4,direct_kd,test,0.9786278605461121,0.005728216841816902,0.0017764696385711432,0.011454669758677483,0.0016002114862203598,0.0008125331369228661
trashnet_00087,cardboard/cardboard178.jpg,cardboard,0,cardboard,0,123,R4,direct_kd,test,0.8235074877738953,0.002047260059043765,0.00023814754968043417,0.0025478561874479055,0.0013865989167243242,0.1702726036310196
trashnet_00096,cardboard/cardboard186.jpg,cardboard,0,cardboard,0,123,R4,direct_kd,test,0.9999998807907104,6.677531444454488e-11,2.2495013664303176e-12,8.815751328938859e-08,1.2592056846012778e-13,5.6474283027796446e-09
trashnet_00098,cardboard/cardboard188.jpg,cardboard,0,cardboard,0,123,R4,direct_kd,test,0.9872756600379944,0.0001174009739770554,0.00019393990805838257,0.0010709363268688321,4.136674306209898e-06,0.011337916366755962
trashnet_00099,cardboard/cardboard189.jpg,cardboard,0,cardboard,0,123,R4,direct_kd,test,0.6077452898025513,0.08192872256040573,0.2979319989681244,0.010508019477128983,0.0009208744158968329,0.0009650681167840958
trashnet_00103,cardboard/cardboard192.jpg,cardboard,0,cardboard,0,123,R4,direct_kd,test,0.9986225366592407,0.00023001755471341312,1.9272196368547156e-05,0.0009957414586097002,0.00012240023352205753,1.0076700164063368e-05
trashnet_00111,cardboard/cardboard2.jpg,cardboard,0,cardboard,0,123,R4,direct_kd,test,0.9963967204093933,0.00010254074004478753,9.135264349424688e-07,0.0007029662956483662,0.0027714755851775408,2.5375285986228846e-05
trashnet_00118,cardboard/cardboard205.jpg,cardboard,0,cardboard,0,123,R4,direct_kd,test,0.9570229053497314,0.0012367168674245477,0.0002789291029330343,0.03896467015147209,0.0010064259404316545,0.0014903091359883547
trashnet_00123,cardboard/cardboard21.jpg,cardboard,0,cardboard,0,123,R4,direct_kd,test,0.9197657704353333,0.0002533086808398366,2.41672732954612e-05,0.07289083302021027,0.004824720788747072,0.002241239883005619
trashnet_00126,cardboard/cardboard212.jpg,cardboard,0,cardboard,0,123,R4,direct_kd,test,0.843517541885376,0.013195368461310863,0.03606190159916878,0.1037389412522316,0.0001743319007800892,0.0033119649160653353
trashnet_00129,cardboard/cardboard215.jpg,cardboard,0,cardboard,0,123,R4,direct_kd,test,0.9675662517547607,0.00031768326880410314,0.00010476081661181524,0.0007684347801841795,1.8819300748873502e-05,0.031224098056554794
trashnet_00135,cardboard/cardboard220.jpg,cardboard,0,cardboard,0,123,R4,direct_kd,test,0.9583333134651184,0.0003152669232804328,0.0009334327769465744,0.001244471874088049,2.77054687103373e-06,0.03917073830962181
trashnet_00140,cardboard/cardboard225.jpg,cardboard,0,cardboard,0,123,R4,direct_kd,test,0.9995889067649841,3.6234137951396406e-05,1.2873674677393865e-06,0.0003625724639277905,8.329361662617885e-06,2.605637973829289e-06
trashnet_00141,cardboard/cardboard226.jpg,cardboard,0,cardboard,0,123,R4,direct_kd,test,0.9946765899658203,0.0018715799087658525,0.0007295292452909052,0.002507442608475685,5.008334483136423e-05,0.0001648596953600645
trashnet_00146,cardboard/cardboard230.jpg,cardboard,0,cardboard,0,123,R4,direct_kd,test,0.999872088432312,2.2892567358212546e-05,2.565967861301033e-06,8.313408034155145e-05,1.542949758004397e-05,3.904999630321981e-06
trashnet_00158,cardboard/cardboard241.jpg,cardboard,0,cardboard,0,123,R4,direct_kd,test,0.9967266321182251,0.00029884561081416905,5.425652489066124e-06,0.0023471619933843613,0.0001927609118865803,0.0004291229706723243
trashnet_00168,cardboard/cardboard250.jpg,cardboard,0,cardboard,0,123,R4,direct_kd,test,0.9997739195823669,4.516183253144845e-06,2.3911533730824885e-07,0.0002169653307646513,4.1645680539659224e-06,2.0214338292134926e-07
trashnet_00176,cardboard/cardboard258.jpg,cardboard,0,cardboard,0,123,R4,direct_kd,test,0.8194323778152466,0.0037486841902136803,0.0029360968619585037,0.17378704249858856,7.693259976804256e-05,1.8779643141897395e-05
trashnet_00183,cardboard/cardboard264.jpg,cardboard,0,cardboard,0,123,R4,direct_kd,test,0.9793774485588074,0.006408467888832092,0.00010419195314170793,0.013395583257079124,0.0007002996862865984,1.4100847693043761e-05
trashnet_00186,cardboard/cardboard267.jpg,cardboard,0,cardboard,0,123,R4,direct_kd,test,0.9603023529052734,0.027188526466488838,0.00016325540491379797,0.004301849752664566,0.007927780970931053,0.00011621851444942877
trashnet_00198,cardboard/cardboard278.jpg,cardboard,0,cardboard,0,123,R4,direct_kd,test,0.9992340803146362,8.508497558068484e-05,9.984885764424689e-06,0.0005175315891392529,6.22495062998496e-05,9.101582691073418e-05
trashnet_00205,cardboard/cardboard284.jpg,cardboard,0,cardboard,0,123,R4,direct_kd,test,0.993133544921875,0.0005933407810516655,4.446931143320398e-06,0.0009956014109775424,0.0034800844732671976,0.0017928432207554579
trashnet_00208,cardboard/cardboard287.jpg,cardboard,0,cardboard,0,123,R4,direct_kd,test,0.9999150037765503,1.526529376860708e-05,1.9867879927915055e-06,3.625825002018246e-06,6.294931517913938e-05,1.1817401173175313e-06
trashnet_00213,cardboard/cardboard291.jpg,cardboard,0,cardboard,0,123,R4,direct_kd,test,0.9989901185035706,0.00034131668508052826,1.2399115803418681e-05,0.00046007742639631033,0.00015208827971946448,4.395868381834589e-05
trashnet_00214,cardboard/cardboard292.jpg,cardboard,0,cardboard,0,123,R4,direct_kd,test,0.9980701804161072,0.0003356336383149028,2.764481723716017e-05,0.0012270975857973099,0.0003293026820756495,1.0189843123953324e-05
trashnet_00224,cardboard/cardboard300.jpg,cardboard,0,cardboard,0,123,R4,direct_kd,test,0.9468816518783569,0.009992892853915691,0.0008401543600484729,0.000658158038277179,0.03900621458888054,0.0026209205389022827
trashnet_00230,cardboard/cardboard306.jpg,cardboard,0,cardboard,0,123,R4,direct_kd,test,0.9987271428108215,0.0003424787428230047,4.446514867595397e-05,0.0006363293505273759,0.0001918319467222318,5.776739271823317e-05
trashnet_00244,cardboard/cardboard319.jpg,cardboard,0,cardboard,0,123,R4,direct_kd,test,0.9938194155693054,0.0004102510283701122,1.646930286369752e-05,0.0057276515290141106,2.3407603293890134e-05,2.741566959230113e-06
trashnet_00250,cardboard/cardboard324.jpg,cardboard,0,cardboard,0,123,R4,direct_kd,test,0.9980612397193909,0.0015248984564095736,4.133762195124291e-05,0.00015433967928402126,0.00020667511853389442,1.1614354662015103e-05
trashnet_00255,cardboard/cardboard329.jpg,cardboard,0,cardboard,0,123,R4,direct_kd,test,0.9977085590362549,3.4454160413588397e-06,6.783413653010939e-08,0.0022872178815305233,6.385839128597581e-07,7.392144141249446e-08
trashnet_00259,cardboard/cardboard332.jpg,cardboard,0,cardboard,0,123,R4,direct_kd,test,0.9953617453575134,0.002161983633413911,0.00013412231055554003,0.0006627569673582911,0.001649475540034473,2.9985239962115884e-05
trashnet_00268,cardboard/cardboard340.jpg,cardboard,0,cardboard,0,123,R4,direct_kd,test,0.9995158910751343,0.0001219725381815806,2.097941978718154e-05,0.0001216751043102704,0.0002158791321562603,3.5821524306811625e-06
trashnet_00270,cardboard/cardboard342.jpg,cardboard,0,cardboard,0,123,R4,direct_kd,test,0.9919760823249817,0.0007775026606395841,3.935758286388591e-05,0.0001403547212248668,0.006802411284297705,0.0002642737526912242
trashnet_00278,cardboard/cardboard35.jpg,cardboard,0,cardboard,0,123,R4,direct_kd,test,0.9874597787857056,5.444695852929726e-05,9.287526154366788e-06,0.01245458610355854,1.8434411686030217e-05,3.403369873922202e-06
trashnet_00294,cardboard/cardboard364.jpg,cardboard,0,cardboard,0,123,R4,direct_kd,test,0.9252598881721497,0.00680875638499856,0.003086227923631668,0.0002306623791810125,0.06180720776319504,0.0028072998393326998
trashnet_00296,cardboard/cardboard366.jpg,cardboard,0,paper,3,123,R4,direct_kd,test,0.00010847238445421681,1.4141131998712808e-07,3.211267696201503e-08,0.9998912811279297,1.1700534940928264e-07,8.987308675045824e-09
trashnet_00304,cardboard/cardboard373.jpg,cardboard,0,cardboard,0,123,R4,direct_kd,test,0.9964808821678162,0.0004461072967387736,0.0002636653371155262,0.0027260747738182545,1.7204798496095464e-05,6.608168041566387e-05
trashnet_00314,cardboard/cardboard382.jpg,cardboard,0,cardboard,0,123,R4,direct_kd,test,0.9997377991676331,7.781317981425673e-05,4.691334197559627e-06,2.7772253815783188e-05,0.00014532981731463224,6.720026249240618e-06
trashnet_00325,cardboard/cardboard392.jpg,cardboard,0,paper,3,123,R4,direct_kd,test,0.047116413712501526,0.012241638265550137,0.013850022107362747,0.920832097530365,0.0057635135017335415,0.00019635181524790823
trashnet_00331,cardboard/cardboard398.jpg,cardboard,0,cardboard,0,123,R4,direct_kd,test,0.9999934434890747,7.022672434686683e-07,9.682145929446051e-08,2.416689312667586e-06,6.225962412287345e-09,3.3380829336238094e-06
trashnet_00339,cardboard/cardboard41.jpg,cardboard,0,metal,2,123,R4,direct_kd,test,0.25434809923171997,0.054286208003759384,0.3235735595226288,0.3151533305644989,0.028384201228618622,0.02425459586083889
trashnet_00346,cardboard/cardboard48.jpg,cardboard,0,cardboard,0,123,R4,direct_kd,test,0.9938527345657349,0.00010059495980385691,6.654423486907035e-06,0.006026222370564938,1.295261154155014e-05,8.762867196310253e-07
trashnet_00348,cardboard/cardboard5.jpg,cardboard,0,cardboard,0,123,R4,direct_kd,test,0.9998453855514526,2.3503580450778827e-05,2.017935003095772e-06,4.485737008508295e-06,0.00012266986595932394,1.880922241070948e-06
trashnet_00361,cardboard/cardboard61.jpg,cardboard,0,cardboard,0,123,R4,direct_kd,test,0.9997715353965759,4.738240022561513e-05,3.87479922210332e-05,0.00011753052967833355,2.1273655875120312e-05,3.6041246858076192e-06
trashnet_00362,cardboard/cardboard62.jpg,cardboard,0,cardboard,0,123,R4,direct_kd,test,0.9989820122718811,1.407739364367444e-05,3.5523773931345204e-06,0.0009678130154497921,3.0717841582372785e-05,1.7380665440214216e-06
trashnet_00365,cardboard/cardboard65.jpg,cardboard,0,cardboard,0,123,R4,direct_kd,test,0.396504670381546,0.003781421110033989,0.3568155765533447,0.24285230040550232,1.3694653716811445e-05,3.2342450140276924e-05
trashnet_00367,cardboard/cardboard67.jpg,cardboard,0,cardboard,0,123,R4,direct_kd,test,0.9688937067985535,0.009652994573116302,0.00013870475231669843,0.0003683045506477356,0.020325925201177597,0.000620418693870306
trashnet_00371,cardboard/cardboard70.jpg,cardboard,0,cardboard,0,123,R4,direct_kd,test,0.6897715330123901,0.0014742310158908367,0.00018775375792756677,0.30848491191864014,7.352542888838798e-05,8.105584129225463e-06
trashnet_00378,cardboard/cardboard77.jpg,cardboard,0,cardboard,0,123,R4,direct_kd,test,0.997512698173523,0.0016632615588605404,6.177921750349924e-05,9.059323201654479e-05,0.0006340832333080471,3.761765037779696e-05
trashnet_00382,cardboard/cardboard80.jpg,cardboard,0,cardboard,0,123,R4,direct_kd,test,0.9995588660240173,0.0001372940605506301,1.1675565474433824e-06,0.00018342351540923119,0.00011537351383594796,3.880969416059088e-06
trashnet_00390,cardboard/cardboard88.jpg,cardboard,0,cardboard,0,123,R4,direct_kd,test,0.9753021597862244,0.0018572101835161448,0.00469359802082181,0.006870115175843239,0.01112410705536604,0.00015274713223334402
trashnet_00409,glass/glass104.jpg,glass,1,glass,1,123,R4,direct_kd,test,0.002061055740341544,0.8421125411987305,0.00019606271234806627,0.0003757129015866667,0.15186971426010132,0.003384858602657914
trashnet_00413,glass/glass108.jpg,glass,1,glass,1,123,R4,direct_kd,test,0.00010036907769972458,0.9306326508522034,0.06807637214660645,0.0006190525600686669,0.0005495224031619728,2.209126796515193e-05
trashnet_00418,glass/glass112.jpg,glass,1,metal,2,123,R4,direct_kd,test,0.008877263404428959,0.47368577122688293,0.5032520294189453,0.00740637443959713,0.005145297385752201,0.0016333323437720537
trashnet_00426,glass/glass12.jpg,glass,1,paper,3,123,R4,direct_kd,test,0.011417933739721775,0.0019662969280034304,0.0001236315438291058,0.9015195369720459,0.08385437726974487,0.0011181761510670185
trashnet_00428,glass/glass121.jpg,glass,1,glass,1,123,R4,direct_kd,test,0.0001690120407147333,0.998055100440979,0.001362237730063498,3.890878360834904e-05,0.00037291552871465683,1.86294289505895e-06
trashnet_00430,glass/glass123.jpg,glass,1,glass,1,123,R4,direct_kd,test,0.00013480910274665803,0.9509225487709045,2.2050007828511298e-05,3.158517574775033e-05,0.048846494406461716,4.250249912729487e-05
trashnet_00436,glass/glass129.jpg,glass,1,glass,1,123,R4,direct_kd,test,0.0027849243488162756,0.8717987537384033,0.12461713701486588,0.00025409008958376944,0.0004246905446052551,0.00012049341603415087
trashnet_00437,glass/glass13.jpg,glass,1,plastic,4,123,R4,direct_kd,test,0.008049760945141315,0.08863867819309235,0.006725827697664499,0.14464962482452393,0.7425249814987183,0.00941112544387579
trashnet_00442,glass/glass134.jpg,glass,1,glass,1,123,R4,direct_kd,test,0.0004082453378941864,0.9836030006408691,0.010673722252249718,0.0006298376247286797,0.004624457564204931,6.068024958949536e-05
trashnet_00446,glass/glass138.jpg,glass,1,glass,1,123,R4,direct_kd,test,0.00013017641322221607,0.9812915325164795,0.0002479982504155487,0.00013776250125374645,0.012732312083244324,0.005460079293698072
trashnet_00451,glass/glass142.jpg,glass,1,glass,1,123,R4,direct_kd,test,3.89515989809297e-05,0.9976907968521118,0.002256120089441538,7.000707228144165e-06,7.041847311484162e-06,1.2973387697456928e-07
trashnet_00464,glass/glass154.jpg,glass,1,glass,1,123,R4,direct_kd,test,0.00012954672274645418,0.9928923845291138,0.005611628759652376,1.6844136553118005e-05,0.0013267102185636759,2.2978278138907626e-05
trashnet_00467,glass/glass157.jpg,glass,1,metal,2,123,R4,direct_kd,test,0.002122618956491351,0.05476980283856392,0.9391129612922668,0.0031050248071551323,0.0007432924467138946,0.0001462200889363885
trashnet_00470,glass/glass16.jpg,glass,1,glass,1,123,R4,direct_kd,test,0.0012961518950760365,0.7175238132476807,0.03248685225844383,0.012583030387759209,0.23477289080619812,0.0013372963294386864
trashnet_00475,glass/glass164.jpg,glass,1,glass,1,123,R4,direct_kd,test,5.6812710681697354e-05,0.9986644983291626,0.0011830993462353945,1.1154359526699409e-05,8.37999177747406e-05,6.342214078358666e-07
trashnet_00476,glass/glass165.jpg,glass,1,glass,1,123,R4,direct_kd,test,0.0021922665182501078,0.9567567706108093,2.9853572414140217e-05,0.0005464981659315526,0.04034766927361488,0.00012692167365457863
trashnet_00485,glass/glass173.jpg,glass,1,glass,1,123,R4,direct_kd,test,0.0002471162879373878,0.990294337272644,0.00812761764973402,7.618017116328701e-05,0.00117404293268919,8.07772230473347e-05
trashnet_00499,glass/glass186.jpg,glass,1,metal,2,123,R4,direct_kd,test,0.0012944131158292294,0.02321448177099228,0.619526743888855,0.3557642996311188,0.00018666009418666363,1.3442616364045534e-05
trashnet_00519,glass/glass203.jpg,glass,1,glass,1,123,R4,direct_kd,test,0.000250316719757393,0.9581187963485718,0.0010915820021182299,0.001925163553096354,0.036538638174533844,0.002075508702546358
trashnet_00523,glass/glass207.jpg,glass,1,paper,3,123,R4,direct_kd,test,0.0035410076379776,0.4068937301635742,0.05838293954730034,0.4860377907752991,0.04006234183907509,0.005082176066935062
trashnet_00531,glass/glass214.jpg,glass,1,paper,3,123,R4,direct_kd,test,0.004441302269697189,0.40135806798934937,0.0025905887596309185,0.4365217983722687,0.13589005172252655,0.019198168069124222
trashnet_00541,glass/glass223.jpg,glass,1,glass,1,123,R4,direct_kd,test,0.0009276876808144152,0.9860329031944275,0.011728821322321892,0.00015995338617358357,0.0003859631542582065,0.0007645869045518339
trashnet_00545,glass/glass227.jpg,glass,1,glass,1,123,R4,direct_kd,test,0.0039080046117305756,0.9581266641616821,0.015416886657476425,0.001374520594254136,0.003930970095098019,0.017242925241589546
trashnet_00548,glass/glass23.jpg,glass,1,paper,3,123,R4,direct_kd,test,0.004580711014568806,0.08725856989622116,0.07088878005743027,0.49737998843193054,0.3261897563934326,0.0137022128328681
trashnet_00553,glass/glass234.jpg,glass,1,glass,1,123,R4,direct_kd,test,0.00014030987222213298,0.9984612464904785,0.0010211826302111149,1.1438874025770929e-05,0.0003565921215340495,9.245407454727683e-06
trashnet_00558,glass/glass239.jpg,glass,1,glass,1,123,R4,direct_kd,test,0.00047437447938136756,0.9910579919815063,0.007716062944382429,0.00012088136281818151,0.00045753997983410954,0.00017315456352662295
trashnet_00579,glass/glass258.jpg,glass,1,plastic,4,123,R4,direct_kd,test,0.0031265432480722666,0.2109965831041336,0.0005834578769281507,0.0024926974438130856,0.7598279118537903,0.022972840815782547
trashnet_00584,glass/glass262.jpg,glass,1,glass,1,123,R4,direct_kd,test,0.0027247946709394455,0.9860928654670715,0.005694231484085321,0.0002467898011673242,0.005018398631364107,0.00022295601957011968
trashnet_00585,glass/glass263.jpg,glass,1,cardboard,0,123,R4,direct_kd,test,0.3792659044265747,0.34803396463394165,0.04835972189903259,0.13622553646564484,0.08350998908281326,0.004604825284332037
trashnet_00586,glass/glass264.jpg,glass,1,glass,1,123,R4,direct_kd,test,0.018227366730570793,0.6613165736198425,0.2589752972126007,0.01572064682841301,0.04447343200445175,0.001286654151044786
trashnet_00595,glass/glass272.jpg,glass,1,glass,1,123,R4,direct_kd,test,0.003935910761356354,0.7700915932655334,0.2151033878326416,0.007331738248467445,0.003147188574075699,0.00039008870953693986
trashnet_00617,glass/glass292.jpg,glass,1,glass,1,123,R4,direct_kd,test,0.0001347099314443767,0.9929119944572449,0.006835477892309427,6.5963886299869046e-06,0.00010646032023942098,4.73267755296547e-06
trashnet_00630,glass/glass303.jpg,glass,1,glass,1,123,R4,direct_kd,test,0.0002419414377072826,0.9762071967124939,0.023048046976327896,7.436670421157032e-05,0.00042732441215775907,1.1138654372189194e-06
trashnet_00633,glass/glass306.jpg,glass,1,glass,1,123,R4,direct_kd,test,0.0011491746408864856,0.8866777420043945,0.08295853435993195,0.0032418803311884403,0.02547447197139263,0.0004981303936801851
trashnet_00636,glass/glass309.jpg,glass,1,metal,2,123,R4,direct_kd,test,0.001607738551683724,0.05824581906199455,0.7349691390991211,0.0008195502450689673,0.20369534194469452,0.0006623970111832023
trashnet_00639,glass/glass311.jpg,glass,1,glass,1,123,R4,direct_kd,test,2.571787808847148e-05,0.9990591406822205,0.0008744137594476342,1.6849733583512716e-05,2.3831651560612954e-05,8.257696748614762e-08
trashnet_00643,glass/glass315.jpg,glass,1,glass,1,123,R4,direct_kd,test,4.7184912546072155e-05,0.9975510239601135,0.0008250156533904374,7.947236554173287e-06,0.0015640764031559229,4.736251412396086e-06
trashnet_00647,glass/glass319.jpg,glass,1,glass,1,123,R4,direct_kd,test,9.790027979761362e-05,0.9998841285705566,1.5649724446120672e-05,4.564780340388097e-07,1.8018828313870472e-06,4.155659283355817e-08
trashnet_00658,glass/glass329.jpg,glass,1,glass,1,123,R4,direct_kd,test,8.711908594705164e-05,0.9877782464027405,0.011432656086981297,5.131479338160716e-05,0.0006475107511505485,3.2232849207503023e-06
trashnet_00661,glass/glass331.jpg,glass,1,glass,1,123,R4,direct_kd,test,6.998055596341146e-06,0.9992627501487732,2.6384610464447178e-05,1.4757126336917281e-05,0.0006595322629436851,2.957823198812548e-05
trashnet_00669,glass/glass339.jpg,glass,1,glass,1,123,R4,direct_kd,test,0.021075980737805367,0.6972594261169434,0.20935523509979248,0.009687053970992565,0.05663682892918587,0.005985530558973551
trashnet_00673,glass/glass342.jpg,glass,1,glass,1,123,R4,direct_kd,test,0.00016297331603709608,0.9929446578025818,3.1903859053272754e-05,4.394942880026065e-05,0.006795767229050398,2.08008259505732e-05
trashnet_00687,glass/glass355.jpg,glass,1,glass,1,123,R4,direct_kd,test,0.0014230936067178845,0.9567816257476807,0.04162951931357384,0.00012520149175543338,3.71543355868198e-05,3.323498503959854e-06
trashnet_00694,glass/glass361.jpg,glass,1,glass,1,123,R4,direct_kd,test,7.85606425779406e-06,0.9996814727783203,0.0002525225281715393,4.067720055900281e-06,5.1958526455564424e-05,2.118564680131385e-06
trashnet_00697,glass/glass364.jpg,glass,1,glass,1,123,R4,direct_kd,test,2.8681354251602897e-06,0.9998703002929688,6.0363695411069784e-06,4.173112301941728e-06,0.0001164851346402429,1.351965863705118e-07
trashnet_00701,glass/glass368.jpg,glass,1,glass,1,123,R4,direct_kd,test,0.00010355092672398314,0.9906129837036133,0.009230772033333778,1.3163057701603975e-06,4.92014478368219e-05,2.0870816115348134e-06
trashnet_00716,glass/glass381.jpg,glass,1,glass,1,123,R4,direct_kd,test,0.005662871059030294,0.9259255528450012,0.06681232899427414,0.000856794067658484,0.0006771183107048273,6.536293949466199e-05
trashnet_00732,glass/glass396.jpg,glass,1,glass,1,123,R4,direct_kd,test,0.011723920702934265,0.5594004988670349,0.10429027676582336,0.0414838083088398,0.2255772203207016,0.05752429738640785
trashnet_00737,glass/glass40.jpg,glass,1,glass,1,123,R4,direct_kd,test,0.0002049167815130204,0.9837887287139893,0.012396171689033508,0.00029011000879108906,0.003258301643654704,6.176798342494294e-05
trashnet_00738,glass/glass400.jpg,glass,1,glass,1,123,R4,direct_kd,test,0.00038820848567411304,0.9650178551673889,0.02167692221701145,0.00042222015326842666,0.012460172176361084,3.465794361545704e-05
trashnet_00746,glass/glass408.jpg,glass,1,glass,1,123,R4,direct_kd,test,0.004065100569278002,0.8433645963668823,0.1161610335111618,0.002214477863162756,0.03403666988015175,0.0001580835087224841
trashnet_00762,glass/glass422.jpg,glass,1,glass,1,123,R4,direct_kd,test,0.00020634975226130337,0.9974637031555176,0.0005225448403507471,3.1490621040575206e-05,0.0017704458441585302,5.472249995364109e-06
trashnet_00785,glass/glass443.jpg,glass,1,metal,2,123,R4,direct_kd,test,0.0033656947780400515,0.2947980761528015,0.6975811123847961,0.002806656062602997,0.0010304964380338788,0.00041798781603574753
trashnet_00792,glass/glass45.jpg,glass,1,glass,1,123,R4,direct_kd,test,0.0017831630539149046,0.9614359140396118,0.02285500429570675,0.0006156432209536433,0.0119092408567667,0.0014009881997480989
trashnet_00806,glass/glass462.jpg,glass,1,plastic,4,123,R4,direct_kd,test,0.012754430994391441,0.30436936020851135,6.670074071735144e-05,0.0010966559639200568,0.6805691719055176,0.001143687404692173
trashnet_00808,glass/glass464.jpg,glass,1,glass,1,123,R4,direct_kd,test,0.0002526816097088158,0.9971413016319275,1.5134011846384965e-05,5.535791569855064e-05,0.0025302800349891186,5.281500762066571e-06
trashnet_00810,glass/glass466.jpg,glass,1,glass,1,123,R4,direct_kd,test,0.0006422428414225578,0.9514550566673279,0.0005813524476252496,0.000695787719450891,0.0461825430393219,0.0004431342240422964
trashnet_00814,glass/glass47.jpg,glass,1,glass,1,123,R4,direct_kd,test,0.0006021334556862712,0.9777969717979431,0.014091276563704014,0.0022547438275069,0.004214473534375429,0.0010403934866189957
trashnet_00817,glass/glass472.jpg,glass,1,glass,1,123,R4,direct_kd,test,4.091842856723815e-05,0.9976352453231812,0.0022960009519010782,2.861724169633817e-06,2.43382528424263e-05,5.483072982315207e-07
trashnet_00829,glass/glass483.jpg,glass,1,glass,1,123,R4,direct_kd,test,0.0009031545487232506,0.893032431602478,0.00016383544425480068,3.251413727412e-05,0.10582748800516129,4.0702292608330026e-05
trashnet_00836,glass/glass49.jpg,glass,1,glass,1,123,R4,direct_kd,test,0.00206735054962337,0.9395569562911987,0.022914854809641838,0.011937513016164303,0.015504966489970684,0.008018381893634796
trashnet_00839,glass/glass492.jpg,glass,1,glass,1,123,R4,direct_kd,test,0.0032721986062824726,0.739063560962677,0.19092263281345367,0.008929571136832237,0.05693483352661133,0.000877266691531986
trashnet_00845,glass/glass498.jpg,glass,1,glass,1,123,R4,direct_kd,test,0.00017437087080907077,0.8569925427436829,4.965881089447066e-06,4.548736251308583e-05,0.1426594853401184,0.00012316540232859552
trashnet_00846,glass/glass499.jpg,glass,1,plastic,4,123,R4,direct_kd,test,0.0042314669117331505,0.04632191359996796,9.574896103003994e-05,0.00035575058427639306,0.9487510323524475,0.0002440264797769487
trashnet_00849,glass/glass500.jpg,glass,1,glass,1,123,R4,direct_kd,test,1.8793723938870244e-05,0.9988724589347839,0.0001473196898587048,0.0006252563325688243,0.00033005050499923527,6.0895235947100446e-06
trashnet_00857,glass/glass57.jpg,glass,1,glass,1,123,R4,direct_kd,test,2.9568040190497413e-05,0.9969694018363953,5.068384780315682e-06,7.668221769563388e-06,0.002986712148413062,1.604210410732776e-06
trashnet_00866,glass/glass65.jpg,glass,1,paper,3,123,R4,direct_kd,test,0.0008017120999284089,0.02148827724158764,0.015031479299068451,0.8982771635055542,0.04158438742160797,0.022816982120275497
trashnet_00875,glass/glass73.jpg,glass,1,glass,1,123,R4,direct_kd,test,0.000378330732928589,0.9991648197174072,0.00043545602238737047,5.903896180825541e-06,1.5076127056090627e-05,3.6013997828376887e-07
trashnet_00877,glass/glass75.jpg,glass,1,glass,1,123,R4,direct_kd,test,4.926374003844103e-06,0.9997957348823547,9.00805025594309e-06,4.037128746858798e-05,0.0001492668961873278,7.028143613752036e-07
trashnet_00879,glass/glass77.jpg,glass,1,glass,1,123,R4,direct_kd,test,0.020947709679603577,0.8565963506698608,0.1191413477063179,0.002533811377361417,0.00047192303463816643,0.00030889076879248023
trashnet_00890,glass/glass87.jpg,glass,1,glass,1,123,R4,direct_kd,test,0.0010640767868608236,0.835577666759491,0.05843803659081459,0.009241726249456406,0.09448450058698654,0.0011940394761040807
trashnet_00895,glass/glass91.jpg,glass,1,metal,2,123,R4,direct_kd,test,0.00424658739939332,0.2223212718963623,0.530205249786377,0.0003839647106360644,0.2417992651462555,0.001043724361807108
trashnet_00897,glass/glass93.jpg,glass,1,glass,1,123,R4,direct_kd,test,3.905369794665603e-06,0.9999669790267944,2.1544406990869902e-05,2.436768909319653e-06,5.143548605701653e-06,1.2724703957189831e-08
trashnet_00899,glass/glass95.jpg,glass,1,glass,1,123,R4,direct_kd,test,0.0010377367725595832,0.8506718873977661,0.011443624272942543,0.11971200257539749,0.010268020443618298,0.006866747047752142
trashnet_00901,glass/glass97.jpg,glass,1,glass,1,123,R4,direct_kd,test,0.0012211734429001808,0.9925245642662048,0.006101013161242008,2.841933019226417e-05,0.00011825588444480672,6.593814759980887e-06
trashnet_00911,metal/metal105.jpg,metal,2,glass,1,123,R4,direct_kd,test,0.0001430532574886456,0.9944018721580505,0.005289973691105843,1.011281074170256e-05,0.00015422495198436081,7.890083111306012e-07
trashnet_00912,metal/metal106.jpg,metal,2,metal,2,123,R4,direct_kd,test,0.0030262686777859926,0.21174384653568268,0.7065934538841248,0.0606360137462616,0.005469172261655331,0.012531292624771595
trashnet_00913,metal/metal107.jpg,metal,2,glass,1,123,R4,direct_kd,test,0.00043437935528345406,0.5942822694778442,0.40526530146598816,1.607928061275743e-05,1.2278516123842564e-06,6.996086767685483e-07
trashnet_00921,metal/metal114.jpg,metal,2,metal,2,123,R4,direct_kd,test,2.0401546862558462e-05,5.7939928410633e-06,0.9999048709869385,1.7213413229910657e-05,5.143055022927001e-05,2.0858743710050476e-07
trashnet_00928,metal/metal120.jpg,metal,2,metal,2,123,R4,direct_kd,test,4.795586573891342e-05,0.0003437400155235082,0.9991068243980408,0.0004431524721439928,5.667160075972788e-05,1.6522153600817546e-06
trashnet_00943,metal/metal134.jpg,metal,2,plastic,4,123,R4,direct_kd,test,0.002172861946746707,0.04034848511219025,0.3611619174480438,0.0375063419342041,0.5539423823356628,0.004868012387305498
trashnet_00954,metal/metal144.jpg,metal,2,paper,3,123,R4,direct_kd,test,0.0046980553306639194,0.005025532096624374,0.13385511934757233,0.8410478830337524,0.014810130931437016,0.0005632987013086677
trashnet_00955,metal/metal145.jpg,metal,2,metal,2,123,R4,direct_kd,test,0.0034684683196246624,0.07956112921237946,0.8019710183143616,0.018262429162859917,0.07851909846067429,0.018217898905277252
trashnet_00960,metal/metal15.jpg,metal,2,metal,2,123,R4,direct_kd,test,0.004291051998734474,0.3221094012260437,0.5821266770362854,0.013037893921136856,0.0731825977563858,0.005252374801784754
trashnet_00984,metal/metal171.jpg,metal,2,glass,1,123,R4,direct_kd,test,0.15295951068401337,0.5428183674812317,0.06572285294532776,0.2332354038953781,0.00394696369767189,0.0013169130543246865
trashnet_00991,metal/metal178.jpg,metal,2,glass,1,123,R4,direct_kd,test,0.02233189344406128,0.7644976377487183,0.1029595360159874,0.0010526685509830713,0.09461949020624161,0.014538736082613468
trashnet_01008,metal/metal193.jpg,metal,2,metal,2,123,R4,direct_kd,test,0.00012884508760180324,0.0001645541487960145,0.9996432065963745,1.8918753994512372e-05,4.2137366108363494e-05,2.268366415592027e-06
trashnet_01013,metal/metal198.jpg,metal,2,metal,2,123,R4,direct_kd,test,0.0015720290830358863,0.4449113607406616,0.542991578578949,0.010453098453581333,6.597158062504604e-05,5.994165803713258e-06
trashnet_01018,metal/metal201.jpg,metal,2,metal,2,123,R4,direct_kd,test,0.007162745110690594,0.06583522260189056,0.8500205278396606,0.032680440694093704,0.043186336755752563,0.0011146515607833862
trashnet_01021,metal/metal204.jpg,metal,2,metal,2,123,R4,direct_kd,test,0.010125658474862576,0.19828036427497864,0.7217466235160828,0.016133422031998634,0.03564530983567238,0.018068574368953705
trashnet_01032,metal/metal214.jpg,metal,2,metal,2,123,R4,direct_kd,test,0.16855013370513916,0.2461988478899002,0.49106141924858093,0.07346800714731216,0.01633400283753872,0.004387659020721912
trashnet_01043,metal/metal224.jpg,metal,2,metal,2,123,R4,direct_kd,test,0.00010056015162263066,0.000991126406006515,0.9983718991279602,1.6544745449209586e-05,0.0005167064373381436,3.2325010579370428e-06
trashnet_01048,metal/metal229.jpg,metal,2,metal,2,123,R4,direct_kd,test,0.0003959873574785888,0.0018254477763548493,0.9949859380722046,0.00013250969641376287,0.0026292363181710243,3.0865048756822944e-05
trashnet_01050,metal/metal230.jpg,metal,2,metal,2,123,R4,direct_kd,test,0.0026531904004514217,0.38389620184898376,0.46578845381736755,0.0014796098694205284,0.1457105576992035,0.0004719889839179814
trashnet_01051,metal/metal231.jpg,metal,2,metal,2,123,R4,direct_kd,test,0.0010162745602428913,0.32976165413856506,0.6583760976791382,0.0005065432633273304,0.01021650806069374,0.0001229274203069508
trashnet_01064,metal/metal243.jpg,metal,2,glass,1,123,R4,direct_kd,test,0.0038075398188084364,0.7776831388473511,0.17660176753997803,0.001128808711655438,0.04026093706488609,0.0005178166902624071
trashnet_01068,metal/metal247.jpg,metal,2,metal,2,123,R4,direct_kd,test,0.02744835801422596,0.31198975443840027,0.5654924511909485,0.061254702508449554,0.02911892533302307,0.004695860203355551
trashnet_01079,metal/metal257.jpg,metal,2,metal,2,123,R4,direct_kd,test,0.000211834762012586,0.00014221911260392517,0.9983052015304565,0.0009556562872603536,0.0003796700621023774,5.455514383356785e-06
trashnet_01080,metal/metal258.jpg,metal,2,metal,2,123,R4,direct_kd,test,9.315190982306376e-05,0.0002789161808323115,0.9989950060844421,0.00037762054125778377,0.00024149972887244076,1.3859323189535644e-05
trashnet_01086,metal/metal263.jpg,metal,2,metal,2,123,R4,direct_kd,test,0.020793016999959946,0.012152171693742275,0.9597266912460327,0.001544975326396525,0.005678252782672644,0.00010493174340808764
trashnet_01087,metal/metal264.jpg,metal,2,metal,2,123,R4,direct_kd,test,0.0023376683238893747,0.049981553107500076,0.8511725664138794,0.0007776864222250879,0.09531258046627045,0.0004178947419859469
trashnet_01102,metal/metal278.jpg,metal,2,plastic,4,123,R4,direct_kd,test,0.0016179864760488272,0.08911889791488647,0.013821177184581757,0.00015633853035978973,0.8948106169700623,0.0004750175285153091
trashnet_01104,metal/metal28.jpg,metal,2,metal,2,123,R4,direct_kd,test,0.004219033755362034,0.10733281075954437,0.671116054058075,0.0010149116860702634,0.21534110605716705,0.0009760308894328773
trashnet_01106,metal/metal281.jpg,metal,2,metal,2,123,R4,direct_kd,test,0.0041662282310426235,0.02513783983886242,0.7904611229896545,0.17880366742610931,0.001323180622421205,0.0001079787325579673
trashnet_01116,metal/metal290.jpg,metal,2,metal,2,123,R4,direct_kd,test,0.005491742864251137,0.02856469340622425,0.8142513632774353,0.0647498145699501,0.005529412999749184,0.08141297847032547
trashnet_01135,metal/metal307.jpg,metal,2,metal,2,123,R4,direct_kd,test,0.0023213347885757685,0.09093191474676132,0.8883874416351318,0.007618799805641174,0.006606412120163441,0.00413418747484684
trashnet_01146,metal/metal317.jpg,metal,2,metal,2,123,R4,direct_kd,test,0.006032493431121111,0.021189549937844276,0.9120685458183289,0.0024564641062170267,0.056512683629989624,0.0017401935765519738
trashnet_01149,metal/metal32.jpg,metal,2,metal,2,123,R4,direct_kd,test,0.005512633360922337,0.30142077803611755,0.6661241054534912,0.00016032451821956784,0.02655738778412342,0.00022477291349787265
trashnet_01155,metal/metal325.jpg,metal,2,metal,2,123,R4,direct_kd,test,0.0005577300325967371,0.0009796236408874393,0.997442364692688,0.0009926239727064967,1.1584504136408214e-05,1.6114936443045735e-05
trashnet_01175,metal/metal343.jpg,metal,2,metal,2,123,R4,direct_kd,test,0.0022584409452974796,0.46354034543037415,0.49633586406707764,0.018417615443468094,0.008871454745531082,0.010576346889138222
trashnet_01188,metal/metal355.jpg,metal,2,metal,2,123,R4,direct_kd,test,0.008007219061255455,0.10333341360092163,0.877967119216919,0.0016363250324502587,0.00772306090220809,0.0013329236535355449
trashnet_01191,metal/metal358.jpg,metal,2,metal,2,123,R4,direct_kd,test,0.005719817243516445,0.035295698791742325,0.48700419068336487,0.0018051007064059377,0.46743348240852356,0.0027417191304266453
trashnet_01193,metal/metal36.jpg,metal,2,metal,2,123,R4,direct_kd,test,0.009355205111205578,0.20809267461299896,0.7449925541877747,0.0009542953921481967,0.0039284974336624146,0.03267679736018181
trashnet_01195,metal/metal361.jpg,metal,2,glass,1,123,R4,direct_kd,test,4.491973959375173e-05,0.987492561340332,0.012406442314386368,2.524695264582988e-05,2.9286977223819122e-05,1.6266424154309789e-06
trashnet_01197,metal/metal363.jpg,metal,2,metal,2,123,R4,direct_kd,test,0.004341000225394964,0.029781460762023926,0.9549505114555359,0.0024374595377594233,0.002064608735963702,0.006424987688660622
trashnet_01200,metal/metal366.jpg,metal,2,glass,1,123,R4,direct_kd,test,0.0006671280134469271,0.9532479643821716,0.043807148933410645,0.00010774203110486269,0.002098499797284603,7.149185694288462e-05
trashnet_01204,metal/metal37.jpg,metal,2,glass,1,123,R4,direct_kd,test,0.01129479706287384,0.6624037027359009,0.0031680043321102858,0.006257406435906887,0.3165856897830963,0.00029038533102720976
trashnet_01205,metal/metal370.jpg,metal,2,glass,1,123,R4,direct_kd,test,0.0003494179109111428,0.9832822680473328,0.010587206110358238,0.00017518436652608216,0.005568178836256266,3.7738573155365884e-05
trashnet_01207,metal/metal372.jpg,metal,2,metal,2,123,R4,direct_kd,test,0.010686339810490608,0.10455653816461563,0.8823073506355286,0.0020555199589580297,0.00033019084366969764,6.401041900971904e-05
trashnet_01217,metal/metal381.jpg,metal,2,plastic,4,123,R4,direct_kd,test,0.0072906226851046085,0.3164283335208893,0.025003373622894287,0.09339912235736847,0.546205461025238,0.011673158966004848
trashnet_01230,metal/metal393.jpg,metal,2,trash,5,123,R4,direct_kd,test,0.0012212154688313603,0.027497755363583565,0.028986748307943344,0.009323718026280403,0.0035027822013944387,0.9294678568840027
trashnet_01236,metal/metal399.jpg,metal,2,glass,1,123,R4,direct_kd,test,4.612387056113221e-05,0.9992187023162842,0.0006725107086822391,2.8718698104057694e-06,5.882074765395373e-05,9.676087984189508e-07
trashnet_01241,metal/metal402.jpg,metal,2,glass,1,123,R4,direct_kd,test,0.0022740222048014402,0.6051852107048035,0.3861847221851349,0.002544298069551587,0.003743740962818265,6.800219125580043e-05
trashnet_01248,metal/metal409.jpg,metal,2,glass,1,123,R4,direct_kd,test,0.0019050054252147675,0.6497034430503845,0.30391573905944824,0.0016746071632951498,0.040197353810071945,0.0026038335636258125
trashnet_01253,metal/metal44.jpg,metal,2,metal,2,123,R4,direct_kd,test,9.819585829973221e-05,0.00039583875332027674,0.9980179071426392,0.0006870441720820963,0.000784581177867949,1.6442256310256198e-05
trashnet_01258,metal/metal49.jpg,metal,2,metal,2,123,R4,direct_kd,test,0.0011407724814489484,0.002513672225177288,0.9901129007339478,0.005620565731078386,0.0003921286261174828,0.0002199642185587436
trashnet_01261,metal/metal51.jpg,metal,2,glass,1,123,R4,direct_kd,test,0.0020233308896422386,0.766814649105072,0.21086739003658295,0.00015122222248464823,0.02005925215780735,8.416784112341702e-05
trashnet_01268,metal/metal58.jpg,metal,2,metal,2,123,R4,direct_kd,test,0.0027447559405118227,0.03354426473379135,0.963225781917572,0.00037703572888858616,6.375172961270437e-05,4.4419033656595275e-05
trashnet_01270,metal/metal6.jpg,metal,2,metal,2,123,R4,direct_kd,test,0.012419375590980053,0.34768223762512207,0.43016964197158813,0.04929979145526886,0.14757779240608215,0.012851203791797161
trashnet_01276,metal/metal65.jpg,metal,2,glass,1,123,R4,direct_kd,test,0.005275228526443243,0.6638013124465942,0.28886276483535767,0.036976683884859085,0.0020517355296760798,0.003032268490642309
trashnet_01284,metal/metal72.jpg,metal,2,metal,2,123,R4,direct_kd,test,0.00037881452590227127,0.0030103169847279787,0.9945976734161377,0.0017606242327019572,9.805065201362595e-05,0.00015455691027455032
trashnet_01285,metal/metal73.jpg,metal,2,glass,1,123,R4,direct_kd,test,0.010648542083799839,0.7086920142173767,0.27162888646125793,0.003392693819478154,0.005405648611485958,0.00023223244352266192
trashnet_01287,metal/metal75.jpg,metal,2,metal,2,123,R4,direct_kd,test,0.0012347023002803326,0.0064693777821958065,0.9848315715789795,0.0072171129286289215,0.00023154103837441653,1.5695137335569598e-05
trashnet_01296,metal/metal83.jpg,metal,2,metal,2,123,R4,direct_kd,test,0.0006413066876120865,0.03509974852204323,0.9636170268058777,0.0005830616573803127,5.433921251096763e-05,4.521835307969013e-06
trashnet_01300,metal/metal87.jpg,metal,2,cardboard,0,123,R4,direct_kd,test,0.4286394715309143,0.05573325976729393,0.4026695191860199,0.10816556215286255,0.0006873368984088302,0.0041048889979720116
trashnet_01312,metal/metal98.jpg,metal,2,metal,2,123,R4,direct_kd,test,0.0010941661894321442,0.38426047563552856,0.6104590892791748,0.0026094336062669754,0.0012278036447241902,0.00034903414780274034
trashnet_01313,metal/metal99.jpg,metal,2,metal,2,123,R4,direct_kd,test,0.007257875520735979,0.02239953726530075,0.944118082523346,0.023890798911452293,0.0018896355759352446,0.0004440322518348694
trashnet_01318,paper/paper102.jpg,paper,3,cardboard,0,123,R4,direct_kd,test,0.6915252804756165,0.0017581995343789458,0.01931292749941349,0.28714674711227417,8.516176421835553e-06,0.00024839353864081204
trashnet_01323,paper/paper107.jpg,paper,3,paper,3,123,R4,direct_kd,test,0.35973405838012695,0.04397759959101677,0.0026987451128661633,0.5549948215484619,0.03633541986346245,0.0022592945024371147
trashnet_01330,paper/paper113.jpg,paper,3,metal,2,123,R4,direct_kd,test,0.03714578226208687,0.07028838992118835,0.5662135481834412,0.0492883175611496,0.27220338582992554,0.00486058508977294
trashnet_01333,paper/paper116.jpg,paper,3,paper,3,123,R4,direct_kd,test,3.0509618227370083e-05,8.690084541740362e-06,4.250515672765687e-08,0.999016284942627,0.00021396145166363567,0.000730568659491837
trashnet_01338,paper/paper120.jpg,paper,3,glass,1,123,R4,direct_kd,test,0.0011023213155567646,0.5480697751045227,0.0008064755238592625,0.22669152915477753,0.22014650702476501,0.003183448687195778
trashnet_01365,paper/paper145.jpg,paper,3,paper,3,123,R4,direct_kd,test,0.0007377755246125162,1.758703888299351e-06,2.9621403996316076e-07,0.9990670084953308,8.342533692484722e-05,0.00010966891568386927
trashnet_01366,paper/paper146.jpg,paper,3,paper,3,123,R4,direct_kd,test,2.5534123437864764e-07,3.835725959078218e-09,1.1159266219418207e-11,0.9999990463256836,4.924235099679208e-07,1.8000622503677732e-07
trashnet_01372,paper/paper151.jpg,paper,3,paper,3,123,R4,direct_kd,test,1.0421178558317479e-05,2.8162201488157734e-05,1.1876362577822874e-06,0.9893243908882141,0.0017355408053845167,0.008900297805666924
trashnet_01379,paper/paper158.jpg,paper,3,paper,3,123,R4,direct_kd,test,0.02962557040154934,0.32526296377182007,0.0014372894074767828,0.43132442235946655,0.13453461229801178,0.07781515270471573
trashnet_01408,paper/paper184.jpg,paper,3,paper,3,123,R4,direct_kd,test,1.5003928638179787e-05,2.406058229098562e-06,2.7131409296998754e-06,0.9999792575836182,4.700939655322145e-07,1.216770186829308e-07
trashnet_01411,paper/paper187.jpg,paper,3,paper,3,123,R4,direct_kd,test,0.0015423857839778066,1.4121894309937488e-05,9.223880397257744e-07,0.9982329607009888,0.0002084336883854121,1.0616621466397191e-06
trashnet_01414,paper/paper19.jpg,paper,3,glass,1,123,R4,direct_kd,test,0.0005613090470433235,0.5977780222892761,0.020577557384967804,0.3576474189758301,0.01517108641564846,0.008264502510428429
trashnet_01415,paper/paper190.jpg,paper,3,paper,3,123,R4,direct_kd,test,0.0014260008465498686,0.004030684940516949,0.00040478326263837516,0.9940115809440613,0.00012411679199431092,2.76360356110672e-06
trashnet_01425,paper/paper2.jpg,paper,3,paper,3,123,R4,direct_kd,test,0.00012780813267454505,7.356246442213887e-06,1.0326939445803873e-06,0.9998633861541748,2.575604014509736e-07,9.891125074545926e-08
trashnet_01428,paper/paper201.jpg,paper,3,metal,2,123,R4,direct_kd,test,0.03706309199333191,0.23828357458114624,0.2739950120449066,0.1288546323776245,0.1852133423089981,0.1365904062986374
trashnet_01430,paper/paper203.jpg,paper,3,paper,3,123,R4,direct_kd,test,0.00026628500199876726,4.5823708205716684e-05,2.358450046813232e-06,0.9956287145614624,0.00016293578664772213,0.0038939695805311203
trashnet_01431,paper/paper204.jpg,paper,3,paper,3,123,R4,direct_kd,test,0.00010744822793640196,9.94556012301473e-06,3.311882892376161e-06,0.9991942048072815,0.0006391967181116343,4.594292113324627e-05
trashnet_01432,paper/paper205.jpg,paper,3,paper,3,123,R4,direct_kd,test,0.000511158665176481,4.740606891573407e-05,1.0302464033884462e-05,0.999294638633728,0.00013386558566708118,2.6823142889043083e-06
trashnet_01435,paper/paper208.jpg,paper,3,paper,3,123,R4,direct_kd,test,0.0013214475475251675,0.11394992470741272,0.17528672516345978,0.6925957798957825,0.012834865599870682,0.004011155571788549
trashnet_01436,paper/paper209.jpg,paper,3,paper,3,123,R4,direct_kd,test,2.3357639292953536e-05,3.029639174201293e-06,9.004072126117535e-06,0.9999642372131348,2.790617941172968e-07,4.6727077318564625e-08
trashnet_01438,paper/paper210.jpg,paper,3,paper,3,123,R4,direct_kd,test,0.0009331696783192456,0.0031303460709750652,0.055250998586416245,0.9399914741516113,0.0006636578473262489,3.0261495339800604e-05
trashnet_01441,paper/paper213.jpg,paper,3,glass,1,123,R4,direct_kd,test,0.10578843206167221,0.394012451171875,0.1929662674665451,0.03611593320965767,0.008519845083355904,0.26259708404541016
trashnet_01447,paper/paper219.jpg,paper,3,paper,3,123,R4,direct_kd,test,2.49219579018245e-06,1.3077843696862601e-08,4.3035577879102505e-10,0.9999973773956299,1.2940043347953178e-07,3.2867880639386726e-10
trashnet_01450,paper/paper221.jpg,paper,3,paper,3,123,R4,direct_kd,test,0.003914838191121817,0.0009152161073870957,0.0033257263712584972,0.9909951090812683,0.000694901158567518,0.0001542981481179595
trashnet_01453,paper/paper224.jpg,paper,3,paper,3,123,R4,direct_kd,test,0.0006376798846758902,0.0011878579389303923,0.006338942795991898,0.9917255640029907,0.00010346495400881395,6.410793048416963e-06
trashnet_01464,paper/paper234.jpg,paper,3,metal,2,123,R4,direct_kd,test,0.0005712072597816586,0.2845572233200073,0.44245579838752747,0.2647189497947693,0.005957932211458683,0.0017389440909028053
trashnet_01468,paper/paper238.jpg,paper,3,paper,3,123,R4,direct_kd,test,0.003486398607492447,0.0015188244869932532,0.0013304142048582435,0.9929941296577454,0.0006569968536496162,1.3170918464311399e-05
trashnet_01475,paper/paper244.jpg,paper,3,paper,3,123,R4,direct_kd,test,0.0033717192709445953,0.37078341841697693,0.024768270552158356,0.44160810112953186,0.1313062310218811,0.028162222355604172
trashnet_01487,paper/paper255.jpg,paper,3,paper,3,123,R4,direct_kd,test,0.022249320521950722,0.001140104723162949,0.00016748714551795274,0.7509616017341614,0.22460047900676727,0.0008810045546852052
trashnet_01488,paper/paper256.jpg,paper,3,glass,1,123,R4,direct_kd,test,0.034336116164922714,0.7358431816101074,0.04487165808677673,0.1457476168870926,0.0004947659326717257,0.03870658576488495
trashnet_01499,paper/paper266.jpg,paper,3,paper,3,123,R4,direct_kd,test,1.7709231542539783e-05,3.2978564945551625e-07,7.734280416116235e-08,0.9999817609786987,1.2553977057905286e-07,8.056900036024217e-09
trashnet_01501,paper/paper268.jpg,paper,3,paper,3,123,R4,direct_kd,test,4.7130561142694205e-05,2.6476602215552703e-05,5.356260953703895e-05,0.9998133778572083,5.643544136546552e-05,3.070881120947888e-06
trashnet_01502,paper/paper269.jpg,paper,3,paper,3,123,R4,direct_kd,test,0.00021704667597077787,3.215103060938418e-05,7.769326475681737e-05,0.9996604919433594,1.1793101293733343e-05,9.165187861981394e-07
trashnet_01517,paper/paper282.jpg,paper,3,paper,3,123,R4,direct_kd,test,0.001410356955602765,2.7922268941438233e-07,1.4656637858934118e-07,0.998588502407074,6.170674851091462e-07,1.2985061914605467e-07
trashnet_01521,paper/paper286.jpg,paper,3,paper,3,123,R4,direct_kd,test,0.0015403846045956016,0.00027807013248093426,0.06891083717346191,0.9292482137680054,1.0258110705763102e-05,1.2325403076829389e-05
trashnet_01529,paper/paper293.jpg,paper,3,paper,3,123,R4,direct_kd,test,1.914570020744577e-06,1.0163652142125557e-09,1.1403300526069415e-10,0.9999980926513672,8.848918042758669e-09,9.473565265594175e-10
trashnet_01554,paper/paper315.jpg,paper,3,paper,3,123,R4,direct_kd,test,0.01222169864922762,0.006281982641667128,0.00014781022036913782,0.9623939990997314,0.010064039379358292,0.008890431374311447
trashnet_01572,paper/paper331.jpg,paper,3,paper,3,123,R4,direct_kd,test,3.7921719808764465e-07,2.7252555767631748e-09,1.2944981891971352e-11,0.9999995231628418,7.209270336261397e-08,2.457259506982723e-09
trashnet_01577,paper/paper336.jpg,paper,3,paper,3,123,R4,direct_kd,test,0.00010229981853626668,1.8917916122518363e-07,8.026010078765466e-08,0.9998973608016968,5.7809181441825785e-08,1.2998198073432832e-09
trashnet_01581,paper/paper34.jpg,paper,3,paper,3,123,R4,direct_kd,test,0.0002382279490120709,3.5931934689870104e-05,0.0001935361506184563,0.9995144605636597,1.586703547218349e-05,1.924889829751919e-06
trashnet_01589,paper/paper347.jpg,paper,3,paper,3,123,R4,direct_kd,test,0.0010101409861817956,1.2991946277907118e-05,5.259483714326052e-06,0.9988197684288025,0.00014679136802442372,5.028445684729377e-06
trashnet_01596,paper/paper353.jpg,paper,3,paper,3,123,R4,direct_kd,test,7.663861470064148e-05,2.410731576674152e-05,7.193601777544245e-05,0.9998173117637634,9.114432032220066e-06,9.130887406172405e-07
trashnet_01597,paper/paper354.jpg,paper,3,paper,3,123,R4,direct_kd,test,0.03700992092490196,0.000574731093365699,3.454900797805749e-05,0.9470705389976501,0.014793588779866695,0.0005166971823200583
trashnet_01616,paper/paper371.jpg,paper,3,paper,3,123,R4,direct_kd,test,9.129604586632922e-05,0.00019027729285880923,1.599320603418164e-05,0.9996223449707031,7.926130638225004e-05,9.129107638727874e-07
trashnet_01619,paper/paper374.jpg,paper,3,paper,3,123,R4,direct_kd,test,0.000643534935079515,0.004010078962892294,0.0012140801409259439,0.9817131161689758,0.009039058350026608,0.0033801239915192127
trashnet_01630,paper/paper384.jpg,paper,3,paper,3,123,R4,direct_kd,test,0.0014135469682514668,0.29671791195869446,0.0007632964989170432,0.6845210194587708,0.016560819000005722,2.3366850655293092e-05
trashnet_01637,paper/paper390.jpg,paper,3,paper,3,123,R4,direct_kd,test,0.00016124288958963007,1.0781521268654615e-05,4.301175522414269e-06,0.9998231530189514,4.95472022521426e-07,2.8116883044049246e-08
trashnet_01639,paper/paper392.jpg,paper,3,paper,3,123,R4,direct_kd,test,1.7451680832891725e-05,1.4765516880288487e-06,1.5562739008601056e-07,0.999980092048645,7.758118272249703e-07,4.0597836203914994e-08
trashnet_01641,paper/paper394.jpg,paper,3,paper,3,123,R4,direct_kd,test,0.0010777483694255352,0.08574165403842926,0.10530966520309448,0.5485595464706421,0.0006958465673960745,0.2586155831813812
trashnet_01653,paper/paper404.jpg,paper,3,paper,3,123,R4,direct_kd,test,0.00029769373941235244,2.5405824999324977e-06,4.05983973905677e-06,0.9996954202651978,2.5155173943858244e-07,2.9233195419919866e-08
trashnet_01659,paper/paper41.jpg,paper,3,paper,3,123,R4,direct_kd,test,7.49757248286187e-07,9.699682834707346e-09,7.435894677776389e-10,0.9999992847442627,1.118609382899649e-08,2.7355129272876866e-10
trashnet_01667,paper/paper417.jpg,paper,3,paper,3,123,R4,direct_kd,test,0.0014264567289501429,0.012054895050823689,0.0024550871457904577,0.5902724266052246,0.23115399479866028,0.1626371443271637
trashnet_01669,paper/paper419.jpg,paper,3,paper,3,123,R4,direct_kd,test,4.5440930989570916e-05,8.493972813994333e-08,8.917679039655013e-09,0.9999260902404785,2.2516869648825377e-05,5.922836862737313e-06
trashnet_01677,paper/paper426.jpg,paper,3,paper,3,123,R4,direct_kd,test,0.0016498862532898784,0.0011947685852646828,0.0002471571206115186,0.9894911050796509,0.00737264659255743,4.439946496859193e-05
trashnet_01683,paper/paper431.jpg,paper,3,paper,3,123,R4,direct_kd,test,0.0002493359206710011,1.931140104716178e-05,7.165911597439845e-07,0.999677300453186,1.4591251783713233e-05,3.8668742490699515e-05
trashnet_01693,paper/paper440.jpg,paper,3,paper,3,123,R4,direct_kd,test,1.0288072189723607e-06,6.423630960483706e-09,7.320609674010825e-10,0.999998927116394,1.9902451242614916e-08,1.4642140278020577e-10
trashnet_01694,paper/paper441.jpg,paper,3,paper,3,123,R4,direct_kd,test,0.00019572001474443823,1.0572201972536277e-05,1.8591066691442393e-05,0.9997487664222717,2.137730007234495e-05,4.945422460878035e-06
trashnet_01709,paper/paper455.jpg,paper,3,paper,3,123,R4,direct_kd,test,0.0003874757094308734,1.0486280643817736e-06,1.3021830724824213e-08,0.9996114373207092,1.3382808639050836e-08,2.258102316243793e-10
trashnet_01712,paper/paper458.jpg,paper,3,paper,3,123,R4,direct_kd,test,5.234904165263288e-06,1.2359498668956803e-07,1.3180373237275944e-08,0.9999942779541016,2.169159927234432e-07,7.795038925451081e-08
trashnet_01713,paper/paper459.jpg,paper,3,paper,3,123,R4,direct_kd,test,0.000143274141009897,1.258043175766943e-05,2.327145921299234e-06,0.9998351335525513,6.381681032507913e-06,3.1679573453402554e-07
trashnet_01716,paper/paper461.jpg,paper,3,paper,3,123,R4,direct_kd,test,0.00015147641533985734,1.4763467106604367e-06,4.4675633148472116e-07,0.9998412132263184,5.236659035290359e-06,4.7829296079271444e-08
trashnet_01720,paper/paper465.jpg,paper,3,paper,3,123,R4,direct_kd,test,0.02305392362177372,0.016167087480425835,0.09052570164203644,0.853032648563385,0.015106217004358768,0.0021144566126167774
trashnet_01725,paper/paper47.jpg,paper,3,paper,3,123,R4,direct_kd,test,1.840589720814023e-05,4.441713372216327e-06,0.0002282618370372802,0.9997484087944031,4.212922135593544e-07,9.967556025003432e-08
trashnet_01726,paper/paper470.jpg,paper,3,paper,3,123,R4,direct_kd,test,5.047617378295399e-05,0.0003102626942563802,5.233337287791073e-05,0.9995456337928772,4.000800254289061e-05,1.1721107284756727e-06
trashnet_01737,paper/paper480.jpg,paper,3,paper,3,123,R4,direct_kd,test,0.000356625096173957,0.00012351744226180017,7.096473564160988e-05,0.999407172203064,3.284092235844582e-05,8.882278962119017e-06
trashnet_01742,paper/paper485.jpg,paper,3,paper,3,123,R4,direct_kd,test,1.7366719475830905e-05,1.7252377304544098e-10,7.052756989534004e-11,0.9999825954437256,4.68968253120039e-10,2.8779653660215843e-10
trashnet_01755,paper/paper497.jpg,paper,3,paper,3,123,R4,direct_kd,test,0.0057486891746521,0.000796839187387377,2.5118928533629514e-05,0.9748392701148987,0.017322378233075142,0.0012677619233727455
trashnet_01757,paper/paper499.jpg,paper,3,paper,3,123,R4,direct_kd,test,0.0003813149523921311,0.00013056202442385256,1.7327885871054605e-05,0.9977465271949768,0.0012591670965775847,0.00046514824498444796
trashnet_01775,paper/paper514.jpg,paper,3,paper,3,123,R4,direct_kd,test,6.580744229722768e-05,8.198872092179954e-05,8.102362335193902e-05,0.9997624754905701,8.314553269883618e-06,3.118616120900697e-07
trashnet_01786,paper/paper524.jpg,paper,3,paper,3,123,R4,direct_kd,test,8.266700319836673e-07,1.649725245300715e-09,1.0731763568083696e-11,0.9999991655349731,1.8514930033575183e-08,1.1628224078075178e-10
trashnet_01787,paper/paper525.jpg,paper,3,paper,3,123,R4,direct_kd,test,0.0003295832430012524,5.811811570310965e-05,7.053970421111444e-06,0.9994083642959595,0.00019641911785583943,4.828496003028704e-07
trashnet_01792,paper/paper53.jpg,paper,3,paper,3,123,R4,direct_kd,test,0.12003683298826218,0.01553409080952406,0.020676743239164352,0.8397558331489563,0.003428540425375104,0.0005679528112523258
trashnet_01796,paper/paper533.jpg,paper,3,paper,3,123,R4,direct_kd,test,5.6387503718724474e-05,2.4799146558507346e-06,7.895382054812217e-07,0.9999401569366455,1.2407203087150265e-07,1.2724362896676666e-08
trashnet_01801,paper/paper538.jpg,paper,3,paper,3,123,R4,direct_kd,test,0.0017095603980123997,0.005304526537656784,0.00010438575554871932,0.8491569757461548,0.0037431505043059587,0.1399814337491989
trashnet_01804,paper/paper540.jpg,paper,3,paper,3,123,R4,direct_kd,test,0.00022692992934025824,7.734842256468255e-06,6.852690148662077e-06,0.9997557997703552,2.3868008156568976e-06,2.2114151931873494e-07
trashnet_01809,paper/paper545.jpg,paper,3,paper,3,123,R4,direct_kd,test,0.0008061270345933735,0.0003028498904313892,9.038730240717996e-06,0.983797013759613,8.830665319692343e-05,0.014996634796261787
trashnet_01813,paper/paper549.jpg,paper,3,paper,3,123,R4,direct_kd,test,0.010756549425423145,0.00846768356859684,0.002100581070408225,0.9777758717536926,0.0007969015277922153,0.00010240886331303045
trashnet_01814,paper/paper55.jpg,paper,3,paper,3,123,R4,direct_kd,test,0.007974906824529171,0.01130146998912096,0.022969363257288933,0.7560124397277832,0.19302573800086975,0.008716058917343616
trashnet_01823,paper/paper558.jpg,paper,3,paper,3,123,R4,direct_kd,test,0.0006749287713319063,0.0006239023641683161,0.0011570971691980958,0.9974397420883179,8.36154431453906e-05,2.0651557861128822e-05
trashnet_01827,paper/paper561.jpg,paper,3,glass,1,123,R4,direct_kd,test,0.00029241404263302684,0.6976791024208069,0.03389763459563255,0.25918054580688477,0.008793210610747337,0.00015713056200183928
trashnet_01832,paper/paper566.jpg,paper,3,paper,3,123,R4,direct_kd,test,6.293442856986076e-05,3.8823814065835904e-06,7.106010798452189e-06,0.9999226331710815,9.078499374481908e-07,2.611603576951893e-06
trashnet_01833,paper/paper567.jpg,paper,3,paper,3,123,R4,direct_kd,test,0.0002880304818972945,0.0007776139536872506,3.521611506585032e-05,0.9729288220405579,0.02301555499434471,0.0029547244776040316
trashnet_01834,paper/paper568.jpg,paper,3,cardboard,0,123,R4,direct_kd,test,0.9673110842704773,0.009219510480761528,0.012245217338204384,0.00047121872194111347,0.010298927314579487,0.00045405258424580097
trashnet_01861,paper/paper592.jpg,paper,3,metal,2,123,R4,direct_kd,test,0.003018782939761877,0.0877920389175415,0.620810329914093,0.0027379172388464212,0.27927514910697937,0.0063658482395112514
trashnet_01862,paper/paper593.jpg,paper,3,glass,1,123,R4,direct_kd,test,0.0054484340362250805,0.8286039233207703,0.1448359191417694,0.011087046936154366,0.005676550790667534,0.004348114598542452
trashnet_01882,paper/paper76.jpg,paper,3,paper,3,123,R4,direct_kd,test,6.234835382201709e-06,3.429267394494673e-07,1.140835337309909e-07,0.9999932050704956,6.32495016361645e-08,5.304585659615668e-09
trashnet_01894,paper/paper87.jpg,paper,3,paper,3,123,R4,direct_kd,test,4.129430453758687e-05,3.9584347177878954e-07,4.0123264710700823e-08,0.9999405145645142,1.6332765881088562e-05,1.3979157529320219e-06
trashnet_01897,paper/paper9.jpg,paper,3,paper,3,123,R4,direct_kd,test,1.5326049833674915e-05,5.053240101915435e-07,1.5083938365023641e-07,0.9999809265136719,2.913624484790489e-06,1.840917462914149e-07
trashnet_01904,paper/paper96.jpg,paper,3,paper,3,123,R4,direct_kd,test,6.611081334995106e-05,1.1520322686919826e-06,2.1858465970581165e-07,0.9998451471328735,8.534513472113758e-05,2.0061452232766896e-06
trashnet_01910,plastic/plastic100.jpg,plastic,4,plastic,4,123,R4,direct_kd,test,0.0022253859788179398,0.04937971755862236,0.030421961098909378,9.458345448365435e-05,0.9172818064689636,0.0005966193275526166
trashnet_01927,plastic/plastic116.jpg,plastic,4,plastic,4,123,R4,direct_kd,test,0.0016980489017441869,0.009638911113142967,0.23171207308769226,0.00784403458237648,0.747975766658783,0.0011311445850878954
trashnet_01930,plastic/plastic119.jpg,plastic,4,plastic,4,123,R4,direct_kd,test,0.008961903862655163,0.014675021171569824,0.0015764724230393767,0.00011565830936888233,0.9726209044456482,0.002050092676654458
trashnet_01931,plastic/plastic12.jpg,plastic,4,plastic,4,123,R4,direct_kd,test,0.003064538352191448,0.09826524555683136,0.0026886456180363894,0.04433488845825195,0.8447473645210266,0.0068993037566542625
trashnet_01943,plastic/plastic130.jpg,plastic,4,paper,3,123,R4,direct_kd,test,0.004157545510679483,0.006186601240187883,0.0008956269011832774,0.6491774916648865,0.14655853807926178,0.19302420318126678
trashnet_01945,plastic/plastic132.jpg,plastic,4,plastic,4,123,R4,direct_kd,test,0.0011674922425299883,0.0081148911267519,0.0017254415433853865,0.0047108931466937065,0.9826073050498962,0.001673989463597536
trashnet_01957,plastic/plastic143.jpg,plastic,4,plastic,4,123,R4,direct_kd,test,0.01890583150088787,0.016255129128694534,0.0004857065505348146,0.017893128097057343,0.9384744167327881,0.007985712960362434
trashnet_01964,plastic/plastic15.jpg,plastic,4,plastic,4,123,R4,direct_kd,test,0.0006304366979748011,0.0092235766351223,2.367750084886211e-06,0.0020833350718021393,0.9879094958305359,0.00015084262122400105
trashnet_01983,plastic/plastic167.jpg,plastic,4,plastic,4,123,R4,direct_kd,test,0.019641799852252007,0.07828216999769211,0.047371987253427505,0.3742506206035614,0.4585414230823517,0.02191201224923134
trashnet_01989,plastic/plastic172.jpg,plastic,4,plastic,4,123,R4,direct_kd,test,0.00020481790124904364,0.4316807687282562,3.7697329844377236e-06,0.00019372839597053826,0.5674336552619934,0.0004832431150134653
trashnet_01991,plastic/plastic174.jpg,plastic,4,plastic,4,123,R4,direct_kd,test,0.0003818177792709321,0.04273258149623871,5.735651939176023e-06,0.00030950759537518024,0.951916515827179,0.004653765354305506
trashnet_01992,plastic/plastic175.jpg,plastic,4,plastic,4,123,R4,direct_kd,test,0.04061092063784599,0.1349581480026245,0.011407392099499702,0.11139365285634995,0.6961671710014343,0.005462647881358862
trashnet_01993,plastic/plastic176.jpg,plastic,4,plastic,4,123,R4,direct_kd,test,0.0035326334182173014,0.04261805862188339,0.011988735757768154,0.0009676563204266131,0.9255636930465698,0.015329146757721901
trashnet_01999,plastic/plastic181.jpg,plastic,4,glass,1,123,R4,direct_kd,test,0.020929673686623573,0.6377306580543518,0.018556250259280205,0.0028905062936246395,0.3156995475292206,0.004193358588963747
trashnet_02000,plastic/plastic182.jpg,plastic,4,glass,1,123,R4,direct_kd,test,0.13502237200737,0.37683507800102234,0.16861338913440704,0.007169913500547409,0.3057669699192047,0.0065923454239964485
trashnet_02008,plastic/plastic19.jpg,plastic,4,plastic,4,123,R4,direct_kd,test,0.0030580349266529083,0.04783571511507034,0.007043411489576101,0.00043755039223469794,0.9413026571273804,0.00032262946479022503
trashnet_02024,plastic/plastic203.jpg,plastic,4,plastic,4,123,R4,direct_kd,test,0.0030416292138397694,0.026552964001893997,8.199212606996298e-05,0.0004887149552814662,0.9666804075241089,0.0031543115619570017
trashnet_02028,plastic/plastic207.jpg,plastic,4,plastic,4,123,R4,direct_kd,test,0.003803266678005457,0.0019615814089775085,0.01133230235427618,0.005526632536202669,0.9771972298622131,0.0001789264933904633
trashnet_02036,plastic/plastic214.jpg,plastic,4,plastic,4,123,R4,direct_kd,test,0.00021058233687654138,0.01577659882605076,0.00020935207430738956,2.783903619274497e-05,0.9837189316749573,5.667746881954372e-05
trashnet_02040,plastic/plastic218.jpg,plastic,4,paper,3,123,R4,direct_kd,test,0.0025015794672071934,0.025820037350058556,0.004798433277755976,0.5584278106689453,0.4053751528263092,0.003076995024457574
trashnet_02049,plastic/plastic226.jpg,plastic,4,plastic,4,123,R4,direct_kd,test,0.00667245639488101,0.005952017847448587,0.047599952667951584,0.045022740960121155,0.8946437239646912,0.00010912152356468141
trashnet_02062,plastic/plastic238.jpg,plastic,4,paper,3,123,R4,direct_kd,test,0.001409638673067093,0.0011537482496351004,0.0005689201061613858,0.992612361907959,0.004251259379088879,4.0945551518234424e-06
trashnet_02075,plastic/plastic25.jpg,plastic,4,plastic,4,123,R4,direct_kd,test,0.05188339203596115,0.005295049399137497,0.0014617916895076632,0.389786958694458,0.550762414932251,0.0008104376611299813
trashnet_02076,plastic/plastic250.jpg,plastic,4,plastic,4,123,R4,direct_kd,test,0.0003423136076889932,0.0005215837154537439,7.862781785661355e-07,0.00021536802523769438,0.9987331032752991,0.00018684110546018928
trashnet_02086,plastic/plastic26.jpg,plastic,4,plastic,4,123,R4,direct_kd,test,0.0008983857114799321,0.005094052758067846,5.1929731853306293e-05,0.00011079747491749004,0.9937753677368164,6.960666360100731e-05
trashnet_02108,plastic/plastic28.jpg,plastic,4,plastic,4,123,R4,direct_kd,test,0.007492354605346918,0.24474363029003143,0.007610341999679804,0.2952171862125397,0.44403988122940063,0.0008965835440903902
trashnet_02122,plastic/plastic292.jpg,plastic,4,plastic,4,123,R4,direct_kd,test,0.0006506459903903306,0.002499667461961508,0.000542971829418093,1.956642881850712e-05,0.9962026476860046,8.44961468828842e-05
trashnet_02125,plastic/plastic295.jpg,plastic,4,plastic,4,123,R4,direct_kd,test,0.0001405565853929147,0.000350438232999295,0.00020006403792649508,7.149872544687241e-06,0.999240517616272,6.122499326011166e-05
trashnet_02127,plastic/plastic297.jpg,plastic,4,glass,1,123,R4,direct_kd,test,0.015155122615396976,0.48358601331710815,0.030794095247983932,0.22270289063453674,0.24150574207305908,0.006256199907511473
trashnet_02131,plastic/plastic30.jpg,plastic,4,plastic,4,123,R4,direct_kd,test,0.00014715043653268367,0.0020244179759174585,2.1519142592296703e-06,6.740328535670415e-05,0.9977248311042786,3.412497972021811e-05
trashnet_02136,plastic/plastic304.jpg,plastic,4,plastic,4,123,R4,direct_kd,test,0.008783944882452488,0.340410441160202,0.07128425687551498,0.0007593316258862615,0.5768001675605774,0.0019618780352175236
trashnet_02138,plastic/plastic306.jpg,plastic,4,plastic,4,123,R4,direct_kd,test,0.030922522768378258,0.014973245561122894,0.003719863248988986,0.017331145703792572,0.9254577159881592,0.007595485541969538
trashnet_02154,plastic/plastic320.jpg,plastic,4,paper,3,123,R4,direct_kd,test,0.006816828157752752,0.0066200140863657,0.0007902619545347989,0.659295380115509,0.3257380425930023,0.0007394881104119122
trashnet_02162,plastic/plastic328.jpg,plastic,4,plastic,4,123,R4,direct_kd,test,0.05670097470283508,0.06746982783079147,0.01045283768326044,0.07360190153121948,0.6951578855514526,0.09661658108234406
trashnet_02169,plastic/plastic334.jpg,plastic,4,plastic,4,123,R4,direct_kd,test,0.0002630201925057918,0.3037585914134979,1.1888256267411634e-05,0.00015659707423765212,0.6953103542327881,0.000499612302519381
trashnet_02170,plastic/plastic335.jpg,plastic,4,plastic,4,123,R4,direct_kd,test,0.0008566041942685843,0.005081549286842346,0.01180198322981596,0.0003979690663982183,0.9815824031829834,0.0002794598985929042
trashnet_02171,plastic/plastic336.jpg,plastic,4,plastic,4,123,R4,direct_kd,test,0.004225994925945997,0.11906072497367859,0.01787482760846615,0.00046338618267327547,0.8576902747154236,0.0006848403718322515
trashnet_02178,plastic/plastic342.jpg,plastic,4,plastic,4,123,R4,direct_kd,test,0.0007735788240097463,0.01898154988884926,0.005085792858153582,0.00026013056049123406,0.9745190143585205,0.00037996910396032035
trashnet_02186,plastic/plastic35.jpg,plastic,4,plastic,4,123,R4,direct_kd,test,0.0004404836508911103,0.009408763609826565,2.0885292542516254e-05,0.0008030839962884784,0.9892182350158691,0.00010857950837817043
trashnet_02193,plastic/plastic356.jpg,plastic,4,plastic,4,123,R4,direct_kd,test,0.0006696841446682811,0.0008777079056017101,0.03831823542714119,0.00010071299766423181,0.9597079157829285,0.0003257411008235067
trashnet_02204,plastic/plastic366.jpg,plastic,4,plastic,4,123,R4,direct_kd,test,0.0021029494237154722,0.00015778800297994167,1.2899605508209788e-06,3.0261768188211136e-05,0.9976975321769714,1.0126528650289401e-05
trashnet_02207,plastic/plastic369.jpg,plastic,4,plastic,4,123,R4,direct_kd,test,0.0056452034041285515,0.3088202476501465,0.031036127358675003,0.0018078427528962493,0.6512235999107361,0.001466898014768958
trashnet_02222,plastic/plastic382.jpg,plastic,4,glass,1,123,R4,direct_kd,test,0.0028080192860215902,0.7298084497451782,3.624788951128721e-05,0.00026575333322398365,0.26639217138290405,0.0006893117679283023
trashnet_02225,plastic/plastic385.jpg,plastic,4,plastic,4,123,R4,direct_kd,test,0.00010623234265949577,0.0002720032643992454,3.62497812602669e-05,1.8121045286534354e-05,0.9995322227478027,3.52031784132123e-05
trashnet_02227,plastic/plastic387.jpg,plastic,4,plastic,4,123,R4,direct_kd,test,0.0009545862558297813,0.031457580626010895,1.8520815501688048e-05,0.0027852109633386135,0.9634445905685425,0.0013396254507824779
trashnet_02228,plastic/plastic388.jpg,plastic,4,plastic,4,123,R4,direct_kd,test,0.0016815034905448556,0.0005691770929843187,9.220128049491905e-06,4.156458089710213e-05,0.9976779818534851,2.0495739590842277e-05
trashnet_02235,plastic/plastic394.jpg,plastic,4,plastic,4,123,R4,direct_kd,test,0.0004920566570945084,0.002025623805820942,5.1208146032877266e-05,2.740974559856113e-05,0.9973446726799011,5.894021160202101e-05
trashnet_02238,plastic/plastic397.jpg,plastic,4,metal,2,123,R4,direct_kd,test,0.00997718796133995,0.13752922415733337,0.5352442264556885,0.044977426528930664,0.25908008217811584,0.013191836886107922
trashnet_02248,plastic/plastic405.jpg,plastic,4,plastic,4,123,R4,direct_kd,test,0.004073667339980602,0.0010551824234426022,0.0005784746026620269,0.002009485149756074,0.9921804666519165,0.00010270687198499218
trashnet_02256,plastic/plastic412.jpg,plastic,4,plastic,4,123,R4,direct_kd,test,0.002797030145302415,0.012286962009966373,0.0002839266089722514,0.0024587472435086966,0.9818102121353149,0.00036314764292910695
trashnet_02257,plastic/plastic413.jpg,plastic,4,glass,1,123,R4,direct_kd,test,0.0014501980040222406,0.7359721660614014,0.0023804884403944016,0.000126840706798248,0.2598687410354614,0.0002015066856984049
trashnet_02259,plastic/plastic415.jpg,plastic,4,plastic,4,123,R4,direct_kd,test,0.0008724245708435774,0.0010114744072780013,0.00021339269005693495,2.6892434107139707e-05,0.9978212118148804,5.464344940264709e-05
trashnet_02260,plastic/plastic416.jpg,plastic,4,glass,1,123,R4,direct_kd,test,0.001402722904458642,0.6053447127342224,0.0007922535878606141,0.00025871858815662563,0.3900773227214813,0.0021243253722786903
trashnet_02266,plastic/plastic421.jpg,plastic,4,glass,1,123,R4,direct_kd,test,0.000336720171617344,0.9319490790367126,0.00032859898055903614,0.00021361475228331983,0.06711575388908386,5.6161788961617276e-05
trashnet_02267,plastic/plastic422.jpg,plastic,4,plastic,4,123,R4,direct_kd,test,0.0006881707813590765,0.015151184052228928,0.0010061836801469326,0.0005794978933408856,0.9823558926582336,0.00021909507631789893
trashnet_02271,plastic/plastic426.jpg,plastic,4,plastic,4,123,R4,direct_kd,test,6.581071647815406e-05,0.00021822206326760352,6.49928381335485e-07,1.6056890672189184e-05,0.9996901750564575,9.166827112494502e-06
trashnet_02280,plastic/plastic434.jpg,plastic,4,plastic,4,123,R4,direct_kd,test,0.00038496553315781057,0.0001955320913111791,0.00011316530435578898,1.3023302017245442e-05,0.9992768168449402,1.643087489355821e-05
trashnet_02292,plastic/plastic445.jpg,plastic,4,plastic,4,123,R4,direct_kd,test,0.000221402951865457,0.011500890366733074,0.00018426787573844194,9.310923633165658e-05,0.9878683090209961,0.00013207668962422758
trashnet_02294,plastic/plastic447.jpg,plastic,4,plastic,4,123,R4,direct_kd,test,0.005105036776512861,0.08683136105537415,0.14063186943531036,0.04474062845110893,0.7089757919311523,0.013715256936848164
trashnet_02297,plastic/plastic45.jpg,plastic,4,plastic,4,123,R4,direct_kd,test,0.0014810053398832679,0.010593603365123272,3.0940565920900553e-05,7.778458530083299e-05,0.9877272844314575,8.935480582294986e-05
trashnet_02304,plastic/plastic456.jpg,plastic,4,metal,2,123,R4,direct_kd,test,0.004561000503599644,0.11434516310691833,0.3804558217525482,0.36803093552589417,0.12749896943569183,0.005108078010380268
trashnet_02306,plastic/plastic458.jpg,plastic,4,paper,3,123,R4,direct_kd,test,0.02115841768682003,0.0162862166762352,0.0027916899416595697,0.49010318517684937,0.46221134066581726,0.007449094671756029
trashnet_02310,plastic/plastic461.jpg,plastic,4,paper,3,123,R4,direct_kd,test,0.013140527531504631,0.036781612783670425,0.111375592648983,0.6130672097206116,0.08065732568502426,0.14497771859169006
trashnet_02311,plastic/plastic462.jpg,plastic,4,plastic,4,123,R4,direct_kd,test,0.0008994565578177571,0.004794048611074686,7.282933802343905e-05,0.18642330169677734,0.7972313165664673,0.01057908870279789
trashnet_02330,plastic/plastic48.jpg,plastic,4,paper,3,123,R4,direct_kd,test,0.011640327982604504,0.027438810095191002,0.0002504914300516248,0.8026630878448486,0.1577453315258026,0.0002620005398057401
trashnet_02332,plastic/plastic481.jpg,plastic,4,plastic,4,123,R4,direct_kd,test,0.005231846589595079,0.3908175826072693,0.010006168857216835,0.03245098516345024,0.5565497279167175,0.004943748004734516
trashnet_02333,plastic/plastic482.jpg,plastic,4,plastic,4,123,R4,direct_kd,test,0.016140198335051537,0.19188548624515533,0.018888238817453384,0.3801220953464508,0.3879980444908142,0.00496593676507473
trashnet_02337,plastic/plastic51.jpg,plastic,4,plastic,4,123,R4,direct_kd,test,0.0015263496898114681,0.03344134986400604,0.035080473870038986,0.0005097673856653273,0.928909957408905,0.0005321488715708256
trashnet_02348,plastic/plastic61.jpg,plastic,4,plastic,4,123,R4,direct_kd,test,4.724788595922291e-05,7.164100679801777e-05,1.1957807146245614e-05,4.052578333357815e-06,0.9998582601547241,6.961317922105081e-06
trashnet_02367,plastic/plastic79.jpg,plastic,4,glass,1,123,R4,direct_kd,test,0.02393040806055069,0.7014009356498718,2.870783646358177e-06,6.407496402971447e-05,0.2725350558757782,0.0020666546188294888
trashnet_02380,plastic/plastic90.jpg,plastic,4,plastic,4,123,R4,direct_kd,test,0.0002303351939190179,0.001892194733954966,8.914968930184841e-05,0.00022654284839518368,0.9970762729644775,0.0004854814615100622
trashnet_02386,plastic/plastic96.jpg,plastic,4,plastic,4,123,R4,direct_kd,test,0.002063208259642124,0.17362180352210999,0.02352011203765869,0.003271339926868677,0.7758426070213318,0.02168097347021103
trashnet_02395,trash/trash103.jpg,trash,5,trash,5,123,R4,direct_kd,test,0.0026913764886558056,0.009499918669462204,0.008874375373125076,0.0006986676598899066,0.0001858530886238441,0.9780498147010803
trashnet_02400,trash/trash108.jpg,trash,5,paper,3,123,R4,direct_kd,test,0.0006752854096703231,0.005776884034276009,0.3623230755329132,0.6235974431037903,0.0051280418410897255,0.0024992076214402914
trashnet_02402,trash/trash11.jpg,trash,5,plastic,4,123,R4,direct_kd,test,0.03386733680963516,0.039325181394815445,0.005369067192077637,0.0006094934069551528,0.910020112991333,0.010808806866407394
trashnet_02414,trash/trash120.jpg,trash,5,plastic,4,123,R4,direct_kd,test,0.025928577408194542,0.07082617282867432,0.00559377484023571,0.034669943153858185,0.6567341685295105,0.20624735951423645
trashnet_02416,trash/trash122.jpg,trash,5,trash,5,123,R4,direct_kd,test,0.16378441452980042,0.18759644031524658,0.0740400105714798,0.011205693706870079,0.022925330325961113,0.5404481291770935
trashnet_02419,trash/trash125.jpg,trash,5,metal,2,123,R4,direct_kd,test,0.005360129754990339,0.0598054900765419,0.6404629349708557,0.029332472011446953,0.14679642021656036,0.11824256926774979
trashnet_02429,trash/trash134.jpg,trash,5,glass,1,123,R4,direct_kd,test,0.072161003947258,0.6647152304649353,0.10208993405103683,0.059445034712553024,0.032327596098184586,0.06926114857196808
trashnet_02433,trash/trash14.jpg,trash,5,cardboard,0,123,R4,direct_kd,test,0.9751030802726746,0.005136898253113031,0.0004094881296623498,0.002244144445285201,0.010904058814048767,0.006202336400747299
trashnet_02437,trash/trash18.jpg,trash,5,plastic,4,123,R4,direct_kd,test,0.02085481584072113,0.11631882935762405,0.09328241646289825,0.0021724728867411613,0.7351575493812561,0.03221394121646881
trashnet_02445,trash/trash25.jpg,trash,5,trash,5,123,R4,direct_kd,test,0.0013441878836601973,0.13764753937721252,0.00521863205358386,0.0012286873534321785,0.013012777082622051,0.8415481448173523
trashnet_02447,trash/trash27.jpg,trash,5,plastic,4,123,R4,direct_kd,test,0.021044939756393433,0.33832401037216187,0.09498122334480286,0.08219437301158905,0.41614559292793274,0.047309864312410355
trashnet_02456,trash/trash35.jpg,trash,5,paper,3,123,R4,direct_kd,test,0.02320300228893757,0.016643529757857323,0.0029847489204257727,0.9341241717338562,0.009243187494575977,0.013801340013742447
trashnet_02483,trash/trash6.jpg,trash,5,trash,5,123,R4,direct_kd,test,7.243688742164522e-05,0.001971316756680608,0.00015126659127417952,0.004356374032795429,0.0008253612322732806,0.9926230907440186
trashnet_02485,trash/trash61.jpg,trash,5,trash,5,123,R4,direct_kd,test,0.03513573482632637,0.09975086152553558,4.52493732154835e-05,0.00040726104634813964,0.08540479838848114,0.7792561054229736
trashnet_02488,trash/trash64.jpg,trash,5,trash,5,123,R4,direct_kd,test,9.382027928950265e-05,0.0006788396858610213,0.0007219157414510846,0.00498911552131176,4.617307422449812e-05,0.9934700727462769
trashnet_02490,trash/trash66.jpg,trash,5,trash,5,123,R4,direct_kd,test,0.001998929074034095,0.03001195751130581,0.10572837293148041,0.41673699021339417,0.016397086903452873,0.42912667989730835
trashnet_02497,trash/trash72.jpg,trash,5,trash,5,123,R4,direct_kd,test,0.00014407126582227647,0.003416335443034768,0.0012062938185408711,0.11269242316484451,0.011591222137212753,0.8709495663642883
trashnet_02511,trash/trash85.jpg,trash,5,metal,2,123,R4,direct_kd,test,0.005201888270676136,0.047962844371795654,0.7366748452186584,0.048170410096645355,0.009373520500957966,0.1526164412498474
trashnet_02512,trash/trash86.jpg,trash,5,trash,5,123,R4,direct_kd,test,0.002472851425409317,0.04514099657535553,0.0017095517832785845,0.14470653235912323,0.1865341067314148,0.6194360256195068
trashnet_02520,trash/trash93.jpg,trash,5,glass,1,123,R4,direct_kd,test,0.01597622036933899,0.5058193206787109,0.45252880454063416,0.01418874692171812,0.010046599432826042,0.0014403000241145492
